[gd_scene load_steps=14 format=2]

[ext_resource path="res://Player/Player.tscn" type="PackedScene" id=1]
[ext_resource path="res://Player/Player.gd" type="Script" id=2]
[ext_resource path="res://Terrain.tscn" type="PackedScene" id=3]
[ext_resource path="res://Target/Target.tscn" type="PackedScene" id=4]
[ext_resource path="res://Player/RayCast.gd" type="Script" id=5]
[ext_resource path="res://NPC/NPC.gd" type="Script" id=6]
[ext_resource path="res://NPC/NPC.tscn" type="PackedScene" id=7]
[ext_resource path="res://UI/Dialogue.gd" type="Script" id=8]
[ext_resource path="res://UI/UI.gd" type="Script" id=9]
[ext_resource path="res://Drone/Drone.tscn" type="PackedScene" id=10]

[sub_resource type="SpatialMaterial" id=1]
albedo_color = Color( 1, 0, 0, 1 )
emission_enabled = true
emission = Color( 1, 0, 0, 1 )
emission_energy = 4.0
emission_operator = 0
emission_on_uv2 = false

[sub_resource type="SphereMesh" id=2]
material = SubResource( 1 )
radius = 0.5
height = 1.0

[sub_resource type="SphereShape" id=3]
radius = 4.50407

[node name="Game" type="Spatial"]
transform = Transform( 1, 0, 0, 0, 1, 0, 0, 0, 1, 0, 0, 9.26622 )

[node name="Player" parent="." instance=ExtResource( 1 )]
transform = Transform( 1, 0, 0, 0, 1, 0, 0, 0, 1, -3.97327, 0.584201, -13.1321 )
script = ExtResource( 2 )

[node name="Pivot" type="Position3D" parent="Player"]

[node name="Camera" type="Camera" parent="Player/Pivot"]
transform = Transform( -1, 1.51808e-08, -8.60946e-08, 0, 0.984808, 0.173648, 8.74228e-08, 0.173648, -0.984808, 0, 5, -8 )

[node name="RayCast" type="RayCast" parent="Player/Pivot"]
transform = Transform( 1, 0, 0, 0, 1, 0, 0, 0, 1, 0, 3, 0 )
enabled = true
cast_to = Vector3( 0, 0, 100 )
script = ExtResource( 5 )

[node name="Reticule" type="Position3D" parent="Player/Pivot/RayCast"]
transform = Transform( 1, 0, 0, 0, 1, 0, 0, 0, 1, 0, 0, 50 )

[node name="MeshInstance" type="MeshInstance" parent="Player/Pivot/RayCast/Reticule"]
mesh = SubResource( 2 )
material/0 = null

[node name="lowpoly_scene" parent="." instance=ExtResource( 3 )]
transform = Transform( -2.95836, 0, -0.498086, 0, 3, 0, 0.498086, 0, -2.95836, -0.0261488, 0.274232, 0.000890732 )

[node name="Target_container" type="Spatial" parent="."]

[node name="Target" parent="Target_container" instance=ExtResource( 4 )]
transform = Transform( 0.939693, 0, 0.34202, 0, 1, 0, -0.34202, 0, 0.939693, -27, 4, 9 )

[node name="Target16" parent="Target_container" instance=ExtResource( 4 )]
transform = Transform( 0.87925, 0, -0.476361, 0, 1, 0, 0.476361, 0, 0.87925, -24.09, 5.12243, -7.1469 )

[node name="Target4" parent="Target_container" instance=ExtResource( 4 )]
transform = Transform( 0.808257, 0, 0.58883, 0, 1, 0, -0.58883, 0, 0.808257, -27, 4, 23.924 )

[node name="Target5" parent="Target_container" instance=ExtResource( 4 )]
transform = Transform( 0.497413, 0, 0.867514, 0, 1, 0, -0.867514, 0, 0.497413, -19.9679, 5.3397, 44.6978 )

[node name="Target6" parent="Target_container" instance=ExtResource( 4 )]
transform = Transform( 0.0296662, 0, 0.99956, 0, 1, 0, -0.99956, 0, 0.0296662, -2.54365, 4.69348, 45.1849 )

[node name="Target14" parent="Target_container" instance=ExtResource( 4 )]
transform = Transform( -0.412659, 0, 0.910885, 0, 1, 0, -0.910885, 0, -0.412659, 18.3724, 8.14262, 57.8521 )

[node name="Target13" parent="Target_container" instance=ExtResource( 4 )]
transform = Transform( -0.510513, 0, 0.85987, 0, 1, 0, -0.85987, 0, -0.510513, 20.9338, 2.40658, 45.1849 )

[node name="Target2" parent="Target_container" instance=ExtResource( 4 )]
transform = Transform( -0.685437, 0, 0.728132, 0, 1, 0, -0.728132, 0, -0.685437, 28.9214, 4, 33.8077 )

[node name="Target12" parent="Target_container" instance=ExtResource( 4 )]
transform = Transform( -0.908362, 0, 0.418184, 0, 1, 0, -0.418184, 0, -0.908362, 39.5001, 4, 15.2364 )

[node name="Target3" parent="Target_container" instance=ExtResource( 4 )]
transform = Transform( -0.95111, 0, -0.308851, 0, 1, 0, 0.308851, 0, -0.95111, 28.9214, 4, -9.07009 )

[node name="Target15" parent="Target_container" instance=ExtResource( 4 )]
transform = Transform( 0.475931, 0, -0.879483, 0, 1, 0, 0.879483, 0, 0.475931, -8.68951, 2.80363, -19.7957 )

[node name="Target7" parent="Target_container" instance=ExtResource( 4 )]
transform = Transform( -0.718733, 0, 0.695286, 0, 1, 0, -0.695286, 0, -0.718733, 28.9214, 8.78322, 19.7221 )

[node name="Target10" parent="Target_container" instance=ExtResource( 4 )]
transform = Transform( -0.806971, 0, 0.590592, 0, 1, 0, -0.590592, 0, -0.806971, 66.9634, 4.06256, 40.52 )

[node name="Target11" parent="Target_container" instance=ExtResource( 4 )]
transform = Transform( -0.988876, 0, -0.148741, 0, 1, 0, 0.148741, 0, -0.988876, 66.9634, 3.1129, 5.20492 )

[node name="Target9" parent="Target_container" instance=ExtResource( 4 )]
transform = Transform( 0.976848, 0, 0.213934, 0, 1, 0, -0.213934, 0, 0.976848, -6.00237, 7.00987, 3.9139 )

[node name="Target8" parent="Target_container" instance=ExtResource( 4 )]
transform = Transform( -0.996318, 0, -0.0857299, 0, 1, 0, 0.0857299, 0, -0.996318, 38.2784, 8.78322, -6.81519 )

[node name="Drone_container" type="Spatial" parent="."]

[node name="Drone" parent="Drone_container" instance=ExtResource( 10 )]
transform = Transform( 1, 0, 0, 0, 1, 0, 0, 0, 1, 0, 20, 100 )

[node name="NPC" parent="." instance=ExtResource( 7 )]
transform = Transform( -0.999996, 0, 0.00286236, 0, 1, 0, -0.00286236, 0, -0.999996, -6.94856, 0.5, -1.5052 )
script = ExtResource( 6 )

[node name="Area" type="Area" parent="NPC"]
collision_layer = 2
collision_mask = 2

[node name="CollisionShape" type="CollisionShape" parent="NPC/Area"]
shape = SubResource( 3 )

[node name="UI" type="CanvasLayer" parent="."]
script = ExtResource( 9 )

[node name="Damage" type="ColorRect" parent="UI"]
anchor_right = 1.0
anchor_bottom = 1.0
color = Color( 1, 0, 0, 0 )
__meta__ = {
"_edit_use_anchors_": false
}

[node name="Background" type="ColorRect" parent="UI"]
anchor_right = 1.0
margin_bottom = 30.0
color = Color( 0, 0, 0, 0.501961 )
__meta__ = {
"_edit_use_anchors_": false
}

[node name="Score" type="Label" parent="UI"]
margin_left = 10.0
margin_right = 510.0
margin_bottom = 30.0
text = "Score:"
valign = 1
__meta__ = {
"_edit_use_anchors_": false
}

[node name="Time" type="Label" parent="UI"]
margin_left = 512.0
margin_right = 1014.0
margin_bottom = 30.0
text = "Timer: 00:00"
align = 2
valign = 1
__meta__ = {
"_edit_use_anchors_": false
}

[node name="Timer" type="Timer" parent="UI"]

[node name="Dialogue" type="Control" parent="UI"]
anchor_right = 1.0
anchor_bottom = 1.0
script = ExtResource( 8 )
__meta__ = {
"_edit_use_anchors_": false
}

[node name="Background" type="ColorRect" parent="UI/Dialogue"]
anchor_top = 1.0
anchor_right = 1.0
anchor_bottom = 1.0
margin_top = -30.0
color = Color( 0, 0, 0, 0.501961 )

[node name="Text" type="RichTextLabel" parent="UI/Dialogue"]
anchor_top = 1.0
anchor_right = 1.0
anchor_bottom = 1.0
margin_top = -20.0
margin_bottom = 10.0
bbcode_enabled = true
__meta__ = {
"_edit_use_anchors_": false
}

[connection signal="body_entered" from="NPC/Area" to="NPC" method="_on_Area_body_entered"]
[connection signal="body_exited" from="NPC/Area" to="NPC" method="_on_Area_body_exited"]
[connection signal="timeout" from="UI/Timer" to="UI" method="_on_Timer_timeout"]
